123807168
403705121
243745551
3944446
367798756
152008694
8853720
25933729
169636232
357068651
1532946692
1661445
5120467331
17574569
78340293
165470405
727666652
165189687
1264649
622921467
4866917
266283201
964834615
273364980
25404030
1717576432
833503305
139339464
2653988964
149342401
186330594
77284104
35725118
5307066832
4335522989
4560192
235218517
79187007
1102798284
213894563
7291283
15784553
15008663
1493336012
1183361211
165525114
1570322223
316804249
3704336157
7928800
959706251
6944459
13918378
232142943
6962452
28994549
77554262
154356968
84713270
8004514
1550193230
64584
63776446
29041656
1133662233
27690868
489016815
44565986
39832198
1099487911
82054597
8844733
1602045686
71547028
12343518
52512160
680620532
20290121
917601020
99925115
364054087
2057941037
143725786
196195109
22513882
55054044
5895726
122076839
472929140
331608337
74877219
6515172
2529695755
1519362164
2750237452
4260502183
482966473
236799996
164868210
1892537814
189181121
1449984605
477514603
10722706
16708349
4720067064
5211879899
45424831
785969492
149755079
361449987
43988894
709929737
629009241
560070266
88040674
189757063
452160809
157574379
1698389335
378328025
1990057732
131911565
63225720
2365797604
102563477
30443430
16614781
525789741
23879761
27162814
1546964
89871256
5537542297
7764529489
82594
1107217399
502528631
201190434
263224036
1835317280
12574363
12117059290
197485868
120490002
311486098
2292812691
11071592916
157998546
7434206
65146860
1290369
19059460
102223930
898033793
489724417
391522115
39666221
1515207770
607339441
1573777717
81945890
218270739
681070260
269484032
1384084775
21177602
290652667
56538330
24352308
140126151
1643024588
259368876
8977782339
4821866483
150051267
123985713
37736461
417376084
110080414
295692404
11820749
13108151697
64702892
701455124
3124794545
66301117
438894691
1486670795
432159130
237310146
142891157
787881866
47079993
66517314
1605016503
79611431
2780748835
50952989
216993308
45676699
257597825
83395278
3805991635
133869133
83488814
297111936
26794185
1405117371
10180190
129265966
71366143
435424802
3663474291
12541284
2698955749
336948927
117064420
454618103
1556685071
374868891
569218381
308352240
1243314452
853381722
40600103
504151274
1387583
1720630144
4130239141
5404970
115393331
121643713
67789402
1269841440
48934386
1281347841
16426140
438489824
4305602613
47109466
310108858
573082383
2023664421
2441111026
36430665
23091916
3699312
271149474
3971628957
105754230
97521093
11157427
8438182
40442805
251466233
48919103
31217272
790662
151937751
4539893216
624327826
4734550
39695276
298809141
10739265
380928639
406540366
432385970
657483475
83768783
1618083840
905429416
108802356
62686
798764719
1262047290
13987622
621286595
4963051279
85823437
5800042
281491334
448922796
1413564642
317243487
13632898
254956298
56136350
88034759
1447582298
2690884
6962009
159544489
17921894
61608205
18112064
2477688969
185190748
61354926
25818846
20851198
4184342
21680466
13099044
75924340
701487
589346679
4796688
1039722360
93438020
1602854315
5843866441
268166459
14577260460
693196906
12235697
310175637
1781914569
10079232
860618
7669871
327691973
17066113
201876335
2648572399
150143275
680966340
71229803
49329623
4553089738
8699750
67410663
1507444160
240320353
1910589761
287783242
9196409
2209400044
291220351
801672953
26545023
522835097
393932692
51757777
1168018863
143162934
40607906
379713043
45931701
160727565
198279419
323183066
75833073
312174041
30805867
226760372
55734179
1379673940
691391021
870899967
45744623
15096875
9845479
19939874
17791985
1444544512
235760869
162763075
5918222130
19011828
1492175266
1074006648
2767662425
81922939
26915128
1357846181
647076922
100133754
151150004
2850884507
51206754
129068070
2357422616
599254978
276295457
1830108757
11554135
334712979
11681538930
631654537
95101239
8062438
292291296
4726072022
328948802
13052418
301215210
34464603
401407685
449724525
1669666654
2229808116
27894176
2398523159
612773
46691326
2989865496
1089536
595177796
1005143903
2652100071
19920219
75859091
4100142756
62408126
765146901
5035746
75397826
149364131
144244367
25804265
372189949
304660923
7428906
767007387
363774985
2357713
51829779
429622483
52308014
983295491
502331070
165624895
375629414
213562218
554306085
241868949
96719698
128011058
272777609
581146954
106608403
287055622
716820784
436426553
1004907546
955235333
172228205
204692425
612610832
50147534
3428108662
3231238331
1296593014
224923915
45038222
751421276
1881726050
1409135316
399641727
61078308
289251554
99039302
14861635
772565200
267718651
3911250044
8484833
87670048
323695801
444850581
938979509
1379307088
64845646
359234174
3047534364
114917146
21560360
4267963805
128345193
11533180
1833497
641805012
8154963
127855557
61631942
565484454
229279100
152307129
44417692
2179477975
5600270
780640016
11879817
20254640
96741354
239415917
41815404
5137672
20277297
236777323
22241318
129974881
704461949
1038109631
22565510
73316118
17039510
847191948
292369596
1635677
66058335
1451678114
517629904
33177612
27127733
1983644347
3685007
78912717
3551666722
3486499
90361706
6633307908
1632831973
49965344
97557693
137493127
200502605
894167587
25954961
13375637
36869147
464972008
806472253
5178291894
172079695
117706853
160510669
208196974
38519126
145237820
45587690
196590209
591004
432729191
77878030
1493133983
248807945
2871841547
466889765
937179504
29413240
135920359
1301732279
210766336
2536350817
94365215
305074348
38216793
978423959
70805910
159067731
267426088
72502898
251689844
117336773
93024621
98262896
58632277
198190171
1341083325
146312659
230729374
152118549
150865353
1066958686
228234787
372343473
111338329
38116150
259132054
85210086
109770000
96936520
57674025
6760386279
37542328
37624656
14674940
493328509
712326114
707798553
549654246
73483169
257217940
247631712
16968739
72468832
10354001
95502159
254393608
1497684805
36489312
204735290
4377215031
54850465
137626811
12138107
12368486
2160223538
230919496
129443273
641111325
5817808
2058548628
414189382
513677630
67090436
19092964
2651980784
30673027
112427251
217068935
705800001
14508783
60661025
877994048
101518432
1345807974
17892808
52355922
144574998
22331112
97106846
43248361
1356441797
213573453
120862601
198928885
2979870135
37924322
234822668
196152169
15851504
301098701
452717998
6760465850
173413244
3714304795
832990282
314504748
1134030277
83716466
807460850
156228261
3131864
36161607
2979422099
4586949548
15232564
13574821
101269928
1522113462
1143596142
774635780
719057584
244023516
3576213524
1792195706
192616088
11909986
237262259
649878557
32674859
1171533309
132081759
898316442
71182063
1504804177
7083936
34408637
91437601
79500531
39599569
96013288
186683863
1505530
249030264
1755766646
28103497
194901520
2309430
1310095992
359625220
17487787559
450178652
216967326
3062819928
9121790
94359701
394727446
728628111
6288103
107681817
83114125
148211821
3327728261
2589889
2773651
566677777
414497724
190369491
41595042
65318594
618106397
580701795
720133336
2193672926
72530634
70626066
105410689
1016255680
16999025
49863382
4279221
622734476
881337813
41227427
167229236
374079
1810704
334484022
8410058781
6222907236
1071782375
118078
37509432
1851454511
307482275
33579008
67456612
2697470267
93873714
214107932
58959779
5361788518
1776016
17982862
1931635268
669225859
38103825
1717619453
31974939
3364399926
182266515
48943016
22515894
35256883
91082476
2114484495
2112292092
25572439
54332987
2536288602
10549839
23314871
7270594
5977653
810859428
1407944077
121224471
209940375
2571539
24955842
796793455
446007313
558824729
1764723237
683594175
1983037749
133024915
9086418
2420301855
17562040
208094069
153490129
517236798
70854443
704811566
463430493
87636116
1089041165
17125843
125691824
115676
2989202957
105992056
220103630
3171680697
591883683
29480888
149137435
10863435566
96174401
142014634
15677138
72010762
219087110
15634945
34149528
318053506
170132362
10245816
286751438
10491519
193821118
239829380
15900679
204212527
6084729
82885996
13199042
65847118
162467785
163119594
37904179
230699990
542553858
392698885
26531203
1818286570
1934954769
49291982
148148952
753755576
81330389
391791785
315018172
26704691
932902640
7288643
26495283
101967113
1078721565
47174641
130787628
28377073
99340889
73110906
1084061852
1497389749
241518111
1369752532
7487024
298075149
23519722
1133605050
6942177566
827142206
157957739
9034451
75714380
1335194
101686776
4264173924
215223108
220197477
3290048102
1022962910
50699431
554585960
697544279
62400445
1148913232
135476420
287494879
20112097
445173508
51252610
27936555
77275362
54934359
3040410304
1167479011
169127976
54183244
358337
915424225
186590217
525000624
2764094139
53650661
741914276
1756123090
130527277
2114079543
1986986765
218239567
180882099
749005
446139161
181107903
14203117
982621928
31406613
50631688
580005396
1330216287
31802463
908211950
11683913087
221486667
9213286626
356696943
260264257
1201562891
32859
233666660
53871902
46419403
1609423970
85691553
86285775
1058477298
357666382
5881565362
867176022
444739495
270152269
93200772
4731892
139442379
53059503
75044630
885778250
169593728
52438667
20967948
822645626
550010535
1965782063
124846156
524686551
2440832133
15524852
563935185
97888803
3632646096
199499999
473663542
880541156
3017374041
1192616361
322748050
175449737
2723864
34648413
102967138
72605198
1134247
130601043
3714954631
690381600
3483415437
300072737
8075384368
9632058
20024676
5586037
43305193
342522398
22277307
224565774
1804130429
846502155
1876467922
30511830
43959007
157093606
2308734
80320145
237464022
228672977
4710688204
116699999
268670535
770406700
48295731
31956031
31556777
1352202
3640537149
235936593
354458529
9474564
79336956
478239088
32393551
8132151972
25267568
301356525
352568837
46172752
68967027
145000000
4900055650
2388143954
55501241
1015574
293715848
293141179
1124655
432139194
1201875738
74863073
116390651
2124000083
80530093
78210970
823092240
22893664
367369563
30806942
