1573777717
74863073
130787628
1990057732
4260502183
61354926
85210086
435424802
3971628957
72502898
32859
151937751
4553089738
364054087
7669871
151150004
36869147
12541284
1669666654
1281347841
753755576
109770000
8132151972
131911565
38216793
268670535
15784553
5895726
352568837
87636116
84713270
51829779
833503305
301215210
9632058
3290048102
823092240
489016815
150051267
157093606
631654537
11683913087
118078
13375637
55501241
1931635268
354458529
22893664
1934954769
41227427
612773
898033793
1133662233
133869133
31956031
12574363
216967326
2979870135
1387583
58632277
130601043
9034451
8844733
160510669
1570322223
1804130429
85823437
11681538930
11157427
116699999
106608403
34149528
107681817
241518111
1504804177
599254978
93873714
30511830
380928639
5404970
414497724
82054597
1015574
1515207770
5843866441
21177602
96741354
53059503
517629904
448922796
357068651
1810704
81330389
25267568
765146901
58959779
589346679
846502155
1084061852
66301117
186330594
2698955749
357666382
867176022
239415917
417376084
189181121
1602854315
478239088
22277307
6962452
7764529489
502331070
44565986
647076922
149755079
13987622
20112097
154356968
95101239
2057941037
1134247
169593728
67456612
50147534
71182063
14508783
45038222
120490002
680966340
4963051279
90361706
2229808116
2058548628
204735290
292369596
14203117
286751438
101269928
23314871
160727565
20967948
8062438
2773651
82594
477514603
680620532
228234787
8154963
712326114
2308734
65318594
30443430
133024915
342522398
229279100
72468832
14674940
28994549
1755766646
243745551
8977782339
47174641
83716466
5586037
54183244
269484032
1833497
241868949
196152169
669225859
121643713
287494879
641805012
1781914569
905429416
48943016
287783242
50699431
328948802
595177796
102563477
10491519
73316118
159544489
4796688
297111936
49965344
716820784
150865353
790662
5800042
4900055650
13108151697
31802463
391522115
1038109631
394727446
30673027
17921894
2388143954
292291296
1407944077
1986986765
524686551
125691824
525000624
880541156
21560360
95502159
167229236
87670048
5307066832
145237820
148211821
2365797604
9086418
1296593014
2723864
46172752
73110906
210766336
15634945
193821118
2979422099
367369563
3663474291
19011828
56136350
2179477975
123985713
452160809
1058477298
11533180
143162934
237262259
5361788518
2193672926
293715848
198279419
622734476
5977653
10863435566
2780748835
62400445
4560192
25404030
19920219
60661025
2536350817
43248361
31406613
322748050
12235697
77554262
219087110
392698885
93024621
558824729
150143275
563935185
240320353
359625220
13918378
52512160
220103630
464972008
3231238331
691391021
230919496
581146954
22565510
549654246
894167587
8853720
493328509
7487024
15851504
55734179
230699990
1556685071
705800001
15677138
13632898
72605198
137493127
70626066
22331112
221486667
3428108662
1546964
401407685
14577260460
135920359
1892537814
23519722
77878030
251689844
513677630
522835097
209940375
1168018863
432159130
81922939
47079993
249030264
61608205
290652667
85691553
2529695755
11879817
29041656
25818846
1643024588
236777323
19092964
1507444160
204212527
97521093
1352202
127855557
1609423970
83395278
2651980784
281491334
432729191
629009241
149342401
43959007
24955842
83488814
3714304795
62408126
1243314452
554306085
4279221
55054044
612610832
4335522989
7083936
165624895
37624656
4377215031
16426140
466889765
432385970
308352240
61078308
43305193
1039722360
707798553
39666221
37924322
4130239141
1369752532
1143596142
649878557
28103497
310175637
569218381
414189382
429622483
9213286626
67789402
17039510
393932692
235936593
6962009
128345193
1330216287
8075384368
1099487911
1532946692
192616088
27162814
13052418
964834615
406540366
94359701
7288643
50631688
128011058
52355922
720133336
1444544512
796793455
93200772
2124000083
1148913232
932902640
3171680697
9474564
438894691
1379673940
959706251
774635780
19059460
4734550
45676699
4710688204
5537542297
31217272
1661445
65146860
289251554
1881726050
3551666722
657483475
2690884
701487
172079695
21680466
130527277
82885996
26545023
64584
39832198
213894563
641111325
117064420
1016255680
11071592916
293141179
978423959
75714380
372343473
446139161
105992056
5035746
4586949548
450178652
108802356
1201875738
318053506
124846156
237310146
2441111026
182266515
327691973
91437601
3017374041
1171533309
877994048
37542328
116390651
334484022
80530093
17892808
62686
1497684805
74877219
48295731
35256883
5137672
19939874
272777609
144574998
137626811
121224471
164868210
257217940
9196409
356696943
1413564642
438489824
10245816
3632646096
152008694
234822668
257597825
697544279
41595042
1379307088
1635677
66517314
10079232
6944459
198190171
102223930
4821866483
162467785
91082476
693196906
129443273
72010762
1717619453
955235333
96174401
276295457
317243487
96013288
1201562891
259132054
801672953
591004
12117059290
298075149
502528631
2209400044
683594175
52438667
218239567
273364980
3640537149
489724417
9121790
185190748
112427251
153490129
304660923
204692425
36430665
18112064
1107217399
4726072022
97557693
3047534364
2112292092
36489312
254393608
983295491
860618
26794185
38519126
17125843
143725786
247631712
46691326
463430493
709929737
4731892
165525114
101967113
5881565362
10354001
728628111
75833073
48934386
29480888
8004514
358337
44417692
314504748
196195109
101518432
149364131
110080414
1835317280
446007313
2114079543
3805991635
1493336012
27894176
157998546
65847118
2398523159
4305602613
2648572399
8484833
24352308
190369491
580005396
140126151
1409135316
16968739
267426088
787881866
157574379
30806942
129265966
10180190
17982862
4184342
1451678114
22515894
64702892
115393331
336948927
6222907236
2989865496
97106846
45587690
3704336157
719057584
1005143903
15900679
2023664421
2697470267
232142943
220197477
749005
1089041165
25804265
445173508
3327728261
201876335
32674859
67090436
310108858
93438020
1301732279
122076839
1505530
1356441797
301098701
26531203
6515172
1776016
2477688969
49863382
624327826
1357846181
2292812691
236799996
1133605050
1310095992
915424225
4267963805
1264649
908211950
1876467922
473663542
3576213524
798764719
39695276
71547028
1756123090
3685007
2850884507
10722706
1078721565
681070260
186683863
2357713
7291283
175449737
51206754
23879761
49329623
70854443
16708349
822645626
2536288602
17487787559
3483415437
1698389335
254956298
43988894
1341083325
772565200
6633307908
1345807974
3040410304
2420301855
45744623
1717576432
40600103
5817808
162763075
22513882
780640016
1405117371
123807168
1335194
472929140
13099044
1183361211
1192616361
54332987
1486670795
3062819928
3486499
233666660
186590217
1022962910
40442805
26915128
5178291894
1004907546
432139194
194901520
379713043
1851454511
144244367
1965782063
98262896
1269841440
375629414
12138107
52308014
39599569
94365215
5918222130
200502605
11820749
622921467
1497389749
550010535
180882099
101686776
2767662425
165189687
16999025
86285775
374079
196590209
1493133983
607339441
56538330
64845646
78912717
573082383
331608337
75397826
1618083840
251466233
361449987
4539893216
621286595
170132362
267718651
22241318
1910589761
81945890
224565774
807460850
100133754
75044630
1519362164
554585960
61631942
34648413
13574821
1089536
452717998
15096875
566677777
20851198
917601020
17574569
6760465850
436426553
4100142756
517236798
217068935
10549839
27690868
311486098
25572439
105410689
237464022
2160223538
12368486
312174041
54934359
26495283
2114484495
201190434
70805910
15008663
1262047290
129068070
37904179
20290121
173413244
89871256
67410663
374868891
2652100071
45424831
54850465
8438182
1290369
72530634
1102798284
690381600
34408637
454618103
3131864
63225720
701455124
727666652
88034759
444850581
83114125
26704691
938979509
6760386279
38103825
96936520
27936555
323183066
79187007
25954961
2571539
235218517
114917146
15232564
208094069
827142206
806472253
224923915
1492175266
29413240
853381722
704461949
1632831973
97888803
1134030277
25933729
148148952
248807945
525789741
226760372
1818286570
2764094139
181107903
37509432
391791785
378328025
215223108
23091916
7428906
17791985
33579008
271149474
13199042
214107932
5120467331
767007387
41815404
20254640
881337813
591883683
157957739
7928800
20277297
6288103
244023516
266283201
208196974
45931701
2440832133
449724525
38116150
1764723237
142014634
16614781
1124655
68967027
172228205
260264257
30805867
51252610
898316442
53871902
751421276
7434206
46419403
105754230
3944446
228672977
847191948
99340889
770406700
156228261
163119594
4720067064
3124794545
832990282
444739495
2309430
3911250044
49291982
102967138
287055622
937179504
5600270
2871841547
8410058781
1384084775
810859428
1449984605
169636232
565484454
298809141
295692404
1605016503
145000000
32393551
28377073
83768783
50952989
2589889
35725118
63776446
213562218
37736461
1522113462
7270594
1720630144
291220351
73483169
47109466
3714954631
235760869
169127976
71229803
6084729
372189949
982621928
53650661
88040674
560070266
504151274
31974939
51757777
79336956
3699312
367798756
399641727
1602045686
33177612
117336773
79611431
152307129
239829380
1074006648
870899967
1830108757
152118549
78210970
2750237452
142891157
1167479011
3364399926
96719698
77275362
8699750
139442379
66058335
1983037749
40607906
482966473
230729374
139339464
305074348
129974881
6942177566
301356525
146312659
36161607
71366143
270152269
48919103
159067731
315018172
78340293
213573453
115676
2653988964
363774985
2357422616
263224036
117706853
580701795
741914276
165470405
199499999
1792195706
323695801
77284104
403705121
132081759
268166459
1447582298
197485868
27127733
542553858
1550193230
17066113
885778250
307482275
1066958686
120862601
334712979
218270739
75924340
9845479
17562040
80320145
15524852
198928885
4264173924
4866917
34464603
31556777
10739265
79500531
5211879899
300072737
2989202957
11909986
259368876
618106397
12343518
785969492
1071782375
189757063
14861635
149137435
704811566
11554135
20024676
359234174
75859091
216993308
99039302
135476420
316804249
57674025
111338329
99925115
1983644347